Adana(1):31,80,46,38,51,33 
Adiyaman(2):63,21,44,46,27 
Afyon(3):26,43,64,26,15,32,42 
Agri(4):65,76,36,25,49,13 
Amasya(5):66,60,55,19 
Ankara(6):18,14,26,42,68,40,71
Antalya(7):48,15,33,32,42,70
Artvin(8):53,25,75 
Aydin(9):48,20,45,35 
Balikesir(10):35,45,43,16,17 
Bilecik(11):54,14,26,43,16 
Bingol(12):21,49,25,24,62,23 
Bitlis(13):56,65,4,49,72 
Bolu(14):26,6,18,67,81,54,11,78 
Burdur(15):48,7,32,3,20 
Bursa(16):10,43,11,54,41,77 
Canakkale(17):10,59,22 
Cankiri(18):6,78,37,19,71
Corum(19):37,57,55,5,66,71,18 
Denizli(20):48,9,45,64,3,15
Diyarbakir(21):12,23,44,2,63,47,72,49 
Edirne(22):17,59,39 
Elazig(23):44,24,62,12,21
Erzincan(24):28,29,69,58,44,62,25
Erzurum(25):8,75,36,4,49,12,24,69,53 
Eskisehir(26):6,14,11,43,3,42
Gaziantep(27):79,31,80,46,2,63 
Giresun(28):52,58,24,29,61
Gumushane(29):24,69,61,28 
Hakkari(30):65,73 
Hatay(31):79,27,80,1  
Isparta(32):7,42,3,15 
Mersin(33):1,51,42,70,7 
Istanbul(34):41,59 
Izmir(35):9,45,10 
Kars(36):4,76,75,25 
Kastamonu(37):74,78,57,19,18
Kayseri(38):66,58,46,1,51,50
Kirklareli(39):22,59
Kirsehir(40):6,50,66,71,68 
Kocaeli(41):77,16,54,34
Konya(42):6,68,51,33,70,7,32,3,26 
Kutahya(43):10,16,11,26,3,64,45
Malatya(44):2,46,58,24,23,21
Manisa(45):35,9,20,64,43,10 
Kahramanmaras(46):38,58,44,2,27,80,1
Mardin(47):63,21,72,56,73 
Mugla(48):7,15,20,9 
Mus(49):21,72,13,4,25,12 
Nevsehir(50):66,40,68,51,38
Nigde(51):50,38,1,33,42,68 
Ordu(52):55,60,58,28 
Rize(53):8,25,69,61 
Sakarya(54):41,16,11,14,81
Samsun(55):57,19,5,60,52 
Siirt(56):72,13,65,73,47 
Sinop(57):55,19,37 
Sivas(58):38,46,44,24,28,52,60,66 
Tekirdag(59):34,39,22,17 
Tokat(60):58,52,55,5,66 
Trabzon(61):28,29,69,53
Tunceli(62):23,12,24 
Sanliurfa(63):27,2,21,47 
Usak(64):20,45,43,3 
Van(65):30,73,56,13,4 
Yozgat(66):38,58,60,5,19,71,40,50 
Zonguldak(67):74,14,81,78 
Aksaray(68):6,50,42,51,40
Bayburt(69):24,29,61,53,25 
Karaman(70):33,42,7 
Kirikkale(71):40,66,19,18,6 
Batman(72):47,56,13,49,21 
Sirnak(73):47,56,65,30
Bartin(74):67,78,37 
Ardahan(75):36,25,8 
Igdir(76):4,36 
Yalova(77):41,16 
Karabuk(78):67,74,37,18,6,14
Kilis(79):27,31 
Osmaniye(80):27,46,1,31 
Duzce(81):67,14,54